1 1 0 0 1 0 0
2 0 0 0 1 0 0
3 0 0 0 1 0 0
4 0 0 0 1 0 0
5 0 0 0 1 0 0
6 3 0 0 4 0 0
7 1 0 0 5 0 0
8 0 0 0 5 0 0
9 0 0 0 5 0 0
10 0 0 0 5 0 0
11 4 0 0 9 0 0
12 10 0 0 19 0 0
13 14 0 0 33 0 0
14 7 0 0 40 0 0
15 7 0 1 47 0 1
16 9 0 0 56 0 1
17 24 0 0 80 0 1
18 40 0 0 120 0 1
19 46 0 0 166 0 1
20 33 1 1 199 1 2
21 44 0 1 243 1 3
22 42 0 1 285 1 4
23 104 0 0 389 1 4
24 165 0 0 554 1 4
25 230 0 0 784 1 4
26 227 0 7 1011 1 11
27 271 0 14 1282 1 25
28 290 0 12 1572 1 37
29 354 0 4 1926 1 41
30 496 0 10 2422 1 51
31 622 0 15 3044 1 66
32 671 1 35 3715 2 101
33 704 1 48 4419 3 149
34 574 2 32 4993 5 181
35 536 0 36 5529 5 217
36 516 1 53 6045 6 270
37 460 2 73 6505 8 343
38 438 2 124 6943 10 467
39 422 4 198 7365 14 665
40 338 2 237 7703 16 902
41 245 5 267 7948 21 1169
42 205 5 253 8153 26 1422
43 166 7 336 8319 33 1758
44 124 6 460 8443 39 2218
45 102 11 568 8545 50 2786
46 68 9 659 8613 59 3445
47 55 11 687 8668 70 4132
48 41 11 631 8709 81 4763
49 36 6 577 8745 87 5340
50 31 15 493 8776 102 5833
51 22 14 492 8798 116 6325
52 12 15 440 8810 131 6765
53 15 20 415 8825 151 7180
54 8 10 315 8833 161 7495
55 5 11 246 8838 172 7741
56 5 11 196 8843 183 7937
57 3 9 160 8846 192 8097
58 3 6 113 8849 198 8210
59 0 5 99 8849 203 8309
60 2 3 72 8851 206 8381
61 1 3 47 8852 209 8428
62 0 2 50 8852 211 8478
63 0 3 31 8852 214 8509
64 2 1 33 8854 215 8542
65 0 1 30 8854 216 8572
66 1 0 15 8855 216 8587
67 0 0 14 8855 216 8601
68 1 1 12 8856 217 8613
69 0 0 4 8856 217 8617
70 0 0 7 8856 217 8624
71 0 0 2 8856 217 8626
72 0 0 4 8856 217 8630
73 0 0 2 8856 217 8632
74 0 0 0 8856 217 8632
75 0 0 2 8856 217 8634
76 0 0 1 8856 217 8635
77 0 0 0 8856 217 8635
78 0 1 0 8856 218 8635
79 0 0 1 8856 218 8636
80 0 0 1 8856 218 8637
81 0 0 0 8856 218 8637
82 0 0 1 8856 218 8638
